Year,Month,Day,Hours,Minutes,Seconds,S/C X (km),S/C Y (km),S/C Z (km),Altitude (km),Longitude (deg),Latitude (deg),LMST(hh),Ar Abundance (/cc),STD (/cc)
2014,01,06,00,58,41.59,1112.72,-1242.03,617.07, 40.68,-48.14,20.31, 0.58,7.94e+01,2.92e+01
2014,01,06,00,58,42.84,1111.29,-1243.52,616.73, 40.70,-48.21,20.29, 0.58,1.20e+02,3.56e+01
2014,01,06,00,59,1.59,1089.59,-1265.71,611.49, 41.13,-49.28,20.11, 0.50,1.30e+02,3.70e+01
2014,01,06,00,59,2.84,1088.13,-1267.18,611.13, 41.16,-49.35,20.10, 0.50,7.93e+01,2.92e+01
2014,01,06,00,59,21.58,1066.09,-1288.95,605.70, 41.59,-50.41,19.91, 0.43,7.92e+01,2.92e+01
2014,01,06,00,59,22.83,1064.61,-1290.38,605.33, 41.62,-50.48,19.89, 0.42,4.84e+01,2.33e+01
2014,01,06,00,59,41.58,1042.21,-1311.74,599.69, 42.06,-51.53,19.69, 0.35,9.97e+01,3.26e+01
2014,01,06,00,59,42.83,1040.70,-1313.15,599.31, 42.09,-51.60,19.68, 0.35,1.51e+02,3.98e+01
2014,01,06,01,00,1.58,1017.96,-1334.07,593.48, 42.54,-52.65,19.48, 0.28,7.91e+01,2.93e+01
2014,01,06,01,00,2.83,1016.43,-1335.45,593.08, 42.57,-52.72,19.46, 0.27,5.86e+01,2.55e+01
2014,01,06,01,00,21.57,993.36,-1355.93,587.06, 43.03,-53.77,19.25, 0.20,1.61e+02,4.11e+01
2014,01,06,01,00,22.82,991.81,-1357.28,586.65, 43.07,-53.84,19.24, 0.20,9.95e+01,3.27e+01
2014,01,06,01,00,41.57,968.41,-1377.32,580.44, 43.54,-54.89,19.02, 0.13,5.85e+01,2.56e+01
2014,01,06,01,00,42.82,966.84,-1378.64,580.02, 43.57,-54.96,19.01, 0.12,4.81e+01,2.34e+01
2014,01,06,01,01,1.57,943.12,-1398.23,573.61, 44.05,-56.00,18.78, 0.05,5.84e+01,2.56e+01
2014,01,06,01,01,2.82,941.53,-1399.52,573.18, 44.08,-56.07,18.77, 0.05,4.80e+01,2.35e+01
2014,01,06,01,01,21.57,917.50,-1418.66,566.59, 44.57,-57.11,18.54,23.98,1.10e+02,3.43e+01
2014,01,06,01,01,22.82,915.89,-1419.92,566.14, 44.60,-57.18,18.52,23.97,4.79e+01,2.35e+01
2014,01,06,01,01,41.57,891.56,-1438.59,559.36, 45.10,-58.21,18.29,23.90,3.77e+01,2.13e+01
2014,01,06,01,01,42.82,889.93,-1439.81,558.91, 45.13,-58.28,18.27,23.90,1.30e+02,3.73e+01
2014,01,06,01,02,1.57,865.31,-1458.02,551.95, 45.63,-59.31,18.03,23.83,6.84e+01,2.77e+01
2014,01,06,01,02,2.82,863.66,-1459.21,551.48, 45.67,-59.38,18.02,23.83,1.71e+01,1.56e+01
2014,01,06,01,02,21.56,838.77,-1476.93,544.35, 46.18,-60.41,17.77,23.76,1.70e+01,1.57e+01
2014,01,06,01,02,22.81,837.10,-1478.09,543.86, 46.22,-60.48,17.75,23.75,3.75e+01,2.13e+01
2014,01,06,01,02,41.56,811.92,-1495.34,536.55, 46.74,-61.50,17.50,23.68,3.75e+01,2.14e+01
2014,01,06,01,02,42.81,810.24,-1496.47,536.06, 46.77,-61.57,17.48,23.68,5.81e+01,2.58e+01
2014,01,06,01,03,1.56,784.80,-1513.23,528.57, 47.30,-62.59,17.23,23.61,6.82e+01,2.78e+01
2014,01,06,01,03,2.81,783.09,-1514.33,528.07, 47.34,-62.66,17.21,23.61,6.82e+01,2.78e+01
2014,01,06,01,03,21.55,757.41,-1530.58,520.41, 47.87,-63.67,16.95,23.54,6.24e+00,1.20e+01
2014,01,06,01,03,22.80,755.69,-1531.65,519.90, 47.91,-63.74,16.93,23.53,1.09e+02,3.46e+01
2014,01,06,01,03,41.55,729.75,-1547.42,512.07, 48.45,-64.75,16.66,23.47,6.81e+01,2.79e+01
2014,01,06,01,03,42.80,728.02,-1548.45,511.54, 48.49,-64.82,16.64,23.46,6.12e+00,1.21e+01
2014,01,06,01,04,1.55,701.84,-1563.72,503.55, 49.04,-65.83,16.37,23.39,2.67e+01,1.89e+01
2014,01,06,01,04,2.80,700.09,-1564.72,503.02, 49.07,-65.90,16.35,23.39,2.67e+01,1.89e+01
2014,01,06,01,04,21.55,673.68,-1579.48,494.86, 49.63,-66.90,16.08,23.32,7.84e+01,2.98e+01
2014,01,06,01,04,22.80,671.91,-1580.44,494.31, 49.67,-66.97,16.06,23.32,0.00e+00,6.63e+00
2014,01,06,01,04,41.55,645.29,-1594.69,486.00, 50.23,-67.97,15.78,23.25,3.70e+01,2.16e+01
2014,01,06,01,04,42.80,643.51,-1595.62,485.44, 50.27,-68.04,15.76,23.25,7.84e+01,2.99e+01
2014,01,06,01,05,1.55,616.68,-1609.35,476.97, 50.84,-69.03,15.47,23.18,5.76e+01,2.61e+01
2014,01,06,01,05,2.80,614.88,-1610.25,476.40, 50.88,-69.10,15.45,23.18,5.76e+01,2.61e+01
2014,01,06,01,05,21.54,587.87,-1623.45,467.79, 51.46,-70.09,15.16,23.11,1.61e+01,1.61e+01
2014,01,06,01,05,22.79,586.06,-1624.32,467.21, 51.50,-70.16,15.14,23.10,1.61e+01,1.61e+01
2014,01,06,01,05,41.54,558.84,-1637.00,458.43, 52.08,-71.15,14.84,23.04,5.48e+00,1.24e+01
2014,01,06,01,05,42.79,557.02,-1637.83,457.85, 52.12,-71.22,14.82,23.03,2.62e+01,1.92e+01
2014,01,06,01,06,1.54,529.62,-1649.99,448.93, 52.71,-72.20,14.52,22.97,0.00e+00,7.09e+00
2014,01,06,01,06,2.79,527.78,-1650.78,448.33, 52.75,-72.27,14.50,22.96,0.00e+00,7.09e+00
2014,01,06,01,06,21.54,500.21,-1662.40,439.26, 53.34,-73.25,14.20,22.90,1.58e+01,1.63e+01
2014,01,06,01,06,22.79,498.37,-1663.16,438.66, 53.38,-73.32,14.18,22.89,0.00e+00,7.18e+00
2014,01,06,01,06,41.54,470.64,-1674.25,429.45, 53.98,-74.30,13.87,22.83,2.60e+01,1.93e+01
2014,01,06,01,06,42.79,468.78,-1674.97,428.83, 54.02,-74.36,13.85,22.82,2.59e+01,1.93e+01
2014,01,06,01,07,1.54,440.90,-1685.53,419.49, 54.63,-75.34,13.54,22.76,2.59e+01,1.94e+01
2014,01,06,01,07,2.79,439.04,-1686.21,418.87, 54.67,-75.41,13.52,22.75,3.64e+01,2.20e+01
2014,01,06,01,07,21.53,411.02,-1696.22,409.40, 55.28,-76.38,13.20,22.69,1.55e+01,1.64e+01
2014,01,06,01,07,22.78,409.15,-1696.86,408.76, 55.32,-76.44,13.18,22.69,1.55e+01,1.64e+01
2014,01,06,01,07,41.53,380.99,-1706.33,399.16, 55.93,-77.41,12.86,22.62,0.00e+00,7.54e+00
2014,01,06,01,07,42.78,379.11,-1706.94,398.51, 55.98,-77.48,12.84,22.62,0.00e+00,7.55e+00
2014,01,06,01,08,1.53,350.83,-1715.86,388.78, 56.60,-78.44,12.52,22.55,1.53e+01,1.66e+01
2014,01,06,01,08,2.78,348.95,-1716.44,388.13, 56.64,-78.51,12.49,22.55,1.52e+01,1.66e+01
2014,01,06,01,08,21.53,320.55,-1724.81,378.27, 57.26,-79.47,12.17,22.48,2.55e+01,1.96e+01
2014,01,06,01,08,22.78,318.66,-1725.35,377.61, 57.30,-79.54,12.15,22.48,4.55e+00,1.29e+01
2014,01,06,01,08,41.53,290.16,-1733.17,367.64, 57.93,-80.50,11.82,22.42,4.44e+00,1.30e+01
2014,01,06,01,08,42.78,288.26,-1733.67,366.97, 57.98,-80.56,11.79,22.41,0.00e+00,7.82e+00
2014,01,06,01,09,1.53,259.67,-1740.94,356.87, 58.61,-81.52,11.46,22.35,1.49e+01,1.67e+01
2014,01,06,01,09,2.78,257.76,-1741.40,356.20, 58.65,-81.58,11.44,22.34,0.00e+00,7.91e+00
2014,01,06,01,09,21.52,229.11,-1748.11,346.00, 59.29,-82.53,11.10,22.28,4.20e+00,1.31e+01
2014,01,06,01,09,22.77,227.20,-1748.54,345.31, 59.33,-82.60,11.08,22.28,4.19e+00,1.31e+01
2014,01,06,01,09,41.52,198.45,-1754.69,335.00, 59.97,-83.55,10.74,22.21,0.00e+00,8.09e+00
2014,01,06,01,09,42.77,196.54,-1755.08,334.31, 60.02,-83.61,10.72,22.21,1.47e+01,1.68e+01
2014,01,06,01,10,1.52,167.73,-1760.68,323.89, 60.66,-84.56,10.38,22.14,0.00e+00,8.18e+00
2014,01,06,01,10,2.77,165.81,-1761.03,323.19, 60.70,-84.62,10.35,22.14,0.00e+00,8.19e+00
2014,01,06,01,10,21.51,136.96,-1766.06,312.67, 61.35,-85.57,10.01,22.08,0.00e+00,8.27e+00
2014,01,06,01,10,22.76,135.04,-1766.38,311.96, 61.39,-85.63, 9.99,22.07,0.00e+00,8.28e+00
2014,01,06,01,10,41.51,106.13,-1770.85,301.34, 62.04,-86.57, 9.64,22.01,0.00e+00,8.37e+00
2014,01,06,01,10,42.76,104.21,-1771.13,300.63, 62.09,-86.63, 9.62,22.01,0.00e+00,8.37e+00
2014,01,06,01,11,1.51, 75.27,-1775.05,289.91, 62.74,-87.57, 9.27,21.94,2.47e+01,2.00e+01
2014,01,06,01,11,2.76, 73.34,-1775.29,289.20, 62.78,-87.63, 9.24,21.94,1.43e+01,1.71e+01
2014,01,06,01,11,21.51, 44.38,-1778.64,278.39, 63.44,-88.57, 8.89,21.88,0.00e+00,8.55e+00
2014,01,06,01,11,22.76, 42.45,-1778.84,277.66, 63.48,-88.63, 8.87,21.87,2.46e+01,2.01e+01
2014,01,06,01,11,41.51, 13.47,-1781.63,266.77, 64.14,-89.57, 8.52,21.81,3.53e+01,2.28e+01
2014,01,06,01,11,42.76, 11.54,-1781.79,266.04, 64.18,-89.63, 8.49,21.81,0.00e+00,8.65e+00
2014,01,06,01,12,1.51,-17.44,-1784.02,255.06, 64.84,-90.56, 8.14,21.75,2.44e+01,2.02e+01
2014,01,06,01,12,2.76,-19.37,-1784.15,254.32, 64.89,-90.62, 8.11,21.74,3.20e+00,1.36e+01
2014,01,06,01,12,21.50,-48.33,-1785.81,243.27, 65.55,-91.55, 7.75,21.68,3.08e+00,1.37e+01
2014,01,06,01,12,22.75,-50.26,-1785.90,242.53, 65.59,-91.61, 7.73,21.68,2.43e+01,2.03e+01
2014,01,06,01,12,41.50,-79.22,-1786.99,231.39, 66.25,-92.54, 7.37,21.62,0.00e+00,8.91e+00
2014,01,06,01,12,42.75,-81.15,-1787.05,230.65, 66.30,-92.60, 7.35,21.61,0.00e+00,8.92e+00
2014,01,06,01,13,1.50,-110.08,-1787.58,219.44, 66.96,-93.52, 6.99,21.55,3.49e+01,2.30e+01
2014,01,06,01,13,2.75,-112.01,-1787.60,218.69, 67.01,-93.59, 6.96,21.55,2.81e+00,1.38e+01
2014,01,06,01,13,21.49,-140.89,-1787.57,207.42, 67.67,-94.51, 6.60,21.48,0.00e+00,9.09e+00
2014,01,06,01,13,22.74,-142.82,-1787.55,206.66, 67.72,-94.57, 6.57,21.48,0.00e+00,9.10e+00
2014,01,06,01,13,41.49,-171.67,-1786.96,195.32, 68.38,-95.49, 6.21,21.42,2.55e+00,1.40e+01
2014,01,06,01,13,42.74,-173.59,-1786.90,194.56, 68.43,-95.55, 6.19,21.42,0.00e+00,9.19e+00
2014,01,06,01,14,1.49,-202.39,-1785.75,183.16, 69.09,-96.47, 5.82,21.36,0.00e+00,9.27e+00
2014,01,06,01,14,2.74,-204.31,-1785.66,182.40, 69.14,-96.53, 5.79,21.35,0.00e+00,9.28e+00
2014,01,06,01,14,21.49,-233.05,-1783.94,170.94, 69.80,-97.44, 5.43,21.29,2.28e+00,1.41e+01
2014,01,06,01,14,22.74,-234.96,-1783.81,170.17, 69.85,-97.50, 5.40,21.29,2.27e+00,1.41e+01
2014,01,06,01,14,41.49,-263.63,-1781.54,158.66, 70.52,-98.42, 5.03,21.23,1.30e+01,1.78e+01
2014,01,06,01,14,42.74,-265.54,-1781.37,157.89, 70.56,-98.48, 5.01,21.22,3.44e+01,2.33e+01
2014,01,06,01,15,1.49,-294.12,-1778.54,146.32, 71.23,-99.39, 4.64,21.16,1.29e+01,1.78e+01
2014,01,06,01,15,2.74,-296.02,-1778.34,145.55, 71.27,-99.45, 4.62,21.16,3.43e+01,2.34e+01
2014,01,06,01,15,21.48,-324.49,-1774.96,133.95, 71.94,-100.36, 4.25,21.10,1.27e+01,1.79e+01
2014,01,06,01,15,22.73,-326.39,-1774.71,133.17, 71.98,-100.42, 4.22,21.09,0.00e+00,9.63e+00
2014,01,06,01,15,41.48,-354.78,-1770.77,121.52, 72.65,-101.33, 3.85,21.03,0.00e+00,9.71e+00
2014,01,06,01,15,42.73,-356.67,-1770.49,120.75, 72.69,-101.39, 3.82,21.03,1.26e+01,1.80e+01
2014,01,06,01,16,1.48,-384.95,-1766.00,109.06, 73.36,-102.30, 3.45,20.97,0.00e+00,9.80e+00
2014,01,06,01,16,2.73,-386.83,-1765.69,108.28, 73.40,-102.36, 3.43,20.97,2.31e+01,2.09e+01
2014,01,06,01,16,21.48,-414.98,-1760.65, 96.56, 74.07,-103.26, 3.06,20.91,2.30e+01,2.10e+01
2014,01,06,01,16,22.73,-416.86,-1760.29, 95.78, 74.11,-103.32, 3.03,20.90,0.00e+00,9.90e+00
2014,01,06,01,16,41.48,-444.89,-1754.70, 84.02, 74.77,-104.23, 2.66,20.84,2.29e+01,2.10e+01
2014,01,06,01,16,42.73,-446.75,-1754.31, 83.24, 74.82,-104.29, 2.63,20.84,0.00e+00,9.98e+00
2014,01,06,01,17,1.48,-474.64,-1748.18, 71.46, 75.48,-105.19, 2.26,20.78,0.00e+00,1.01e+01
2014,01,06,01,17,2.73,-476.50,-1747.75, 70.68, 75.52,-105.25, 2.23,20.77,7.69e+01,3.20e+01
2014,01,06,01,17,21.47,-504.22,-1741.08, 58.88, 76.18,-106.15, 1.86,20.72,1.01e+00,1.47e+01
2014,01,06,01,17,22.72,-506.07,-1740.62, 58.10, 76.23,-106.21, 1.84,20.71,1.00e+00,1.47e+01
2014,01,06,01,17,41.47,-533.65,-1733.41, 46.28, 76.88,-107.11, 1.46,20.65,0.00e+00,1.02e+01
2014,01,06,01,17,42.72,-535.49,-1732.91, 45.49, 76.93,-107.17, 1.44,20.65,1.18e+01,1.83e+01
2014,01,06,01,18,1.47,-562.91,-1725.16, 33.66, 77.58,-108.07, 1.06,20.59,1.17e+01,1.84e+01
2014,01,06,01,18,2.72,-564.73,-1724.62, 32.87, 77.63,-108.13, 1.04,20.58,1.17e+01,1.84e+01
2014,01,06,01,18,21.47,-591.98,-1716.34, 21.03, 78.28,-109.03, 0.66,20.53,3.32e+01,2.39e+01
2014,01,06,01,18,22.72,-593.79,-1715.77, 20.24, 78.32,-109.09, 0.64,20.52,0.00e+00,1.04e+01
2014,01,06,01,18,41.47,-620.85,-1706.95,  8.39, 78.97,-109.99, 0.26,20.46,1.14e+01,1.85e+01
2014,01,06,01,18,42.72,-622.65,-1706.35,  7.60, 79.02,-110.05, 0.24,20.46,4.09e-01,1.50e+01
2014,01,06,01,19,1.47,-649.52,-1697.01, -4.25, 79.67,-110.94,-0.13,20.40,5.47e+01,2.85e+01
2014,01,06,01,19,2.72,-651.31,-1696.37, -5.04, 79.71,-111.00,-0.16,20.40,0.00e+00,1.06e+01
2014,01,06,01,19,21.46,-677.97,-1686.51,-16.88, 80.35,-111.90,-0.53,20.34,0.00e+00,1.07e+01
2014,01,06,01,19,22.71,-679.74,-1685.83,-17.67, 80.40,-111.96,-0.56,20.33,0.00e+00,1.07e+01
2014,01,06,01,19,41.46,-706.20,-1675.45,-29.52, 81.04,-112.86,-0.93,20.27,1.10e+01,1.87e+01
2014,01,06,01,19,42.71,-707.96,-1674.74,-30.31, 81.08,-112.92,-0.95,20.27,0.00e+00,1.08e+01
2014,01,06,01,20,1.46,-734.20,-1663.84,-42.14, 81.72,-113.81,-1.33,20.21,0.00e+00,1.09e+01
2014,01,06,01,20,2.71,-735.95,-1663.10,-42.93, 81.76,-113.87,-1.35,20.21,0.00e+00,1.09e+01
2014,01,06,01,20,21.45,-761.95,-1651.69,-54.74, 82.40,-114.76,-1.72,20.15,1.07e+01,1.88e+01
2014,01,06,01,20,22.70,-763.68,-1650.91,-55.53, 82.44,-114.82,-1.75,20.14,0.00e+00,1.53e+01
2014,01,06,01,20,41.45,-789.47,-1639.00,-67.34, 83.07,-115.72,-2.12,20.08,3.24e+01,2.43e+01
2014,01,06,01,20,42.70,-791.18,-1638.19,-68.12, 83.11,-115.78,-2.14,20.08,2.13e+01,2.17e+01
2014,01,06,01,21,1.45,-816.72,-1625.77,-79.91, 83.74,-116.67,-2.51,20.02,0.00e+00,1.55e+01
2014,01,06,01,21,2.70,-818.42,-1624.92,-80.69, 83.78,-116.73,-2.54,20.02,0.00e+00,1.11e+01
2014,01,06,01,21,21.45,-843.71,-1612.01,-92.45, 84.40,-117.63,-2.91,19.96,0.00e+00,1.55e+01
2014,01,06,01,21,22.70,-845.39,-1611.13,-93.24, 84.44,-117.69,-2.93,19.96,1.02e+01,1.90e+01
2014,01,06,01,21,41.45,-870.42,-1597.72,-104.97, 85.06,-118.58,-3.30,19.90,1.01e+01,1.91e+01
2014,01,06,01,21,42.70,-872.08,-1596.81,-105.75, 85.10,-118.64,-3.33,19.89,0.00e+00,1.56e+01
2014,01,06,01,22,1.45,-896.85,-1582.91,-117.45, 85.72,-119.54,-3.69,19.83,0.00e+00,1.14e+01
2014,01,06,01,22,2.70,-898.50,-1581.97,-118.23, 85.76,-119.59,-3.72,19.83,4.26e+01,2.68e+01
2014,01,06,01,22,21.44,-922.98,-1567.60,-129.89, 86.37,-120.49,-4.08,19.77,2.06e+01,2.20e+01
2014,01,06,01,22,22.69,-924.60,-1566.62,-130.66, 86.41,-120.55,-4.11,19.77,3.17e+01,2.46e+01
2014,01,06,01,22,41.44,-948.81,-1551.77,-142.29, 87.01,-121.44,-4.47,19.71,2.05e+01,2.21e+01
2014,01,06,01,22,42.69,-950.42,-1550.76,-143.06, 87.05,-121.50,-4.50,19.70,2.05e+01,2.21e+01
2014,01,06,01,23,1.44,-974.34,-1535.43,-154.64, 87.65,-122.40,-4.86,19.65,9.48e+00,1.93e+01
2014,01,06,01,23,2.69,-975.93,-1534.39,-155.41, 87.69,-122.46,-4.88,19.64,3.14e+01,2.47e+01
2014,01,06,01,23,21.43,-999.54,-1518.60,-166.94, 88.28,-123.35,-5.25,19.58,0.00e+00,1.60e+01
2014,01,06,01,23,22.68,-1001.11,-1517.53,-167.71, 88.32,-123.41,-5.27,19.58,0.00e+00,1.17e+01
2014,01,06,01,23,41.43,-1024.43,-1501.28,-179.19, 88.91,-124.31,-5.63,19.52,3.11e+01,2.48e+01
2014,01,06,01,23,42.68,-1025.98,-1500.18,-179.96, 88.95,-124.37,-5.65,19.52,2.00e+01,2.23e+01
2014,01,06,01,24,1.43,-1048.99,-1483.46,-191.39, 89.53,-125.26,-6.01,19.46,0.00e+00,1.61e+01
2014,01,06,01,24,2.68,-1050.51,-1482.34,-192.15, 89.57,-125.32,-6.04,19.45,0.00e+00,1.19e+01
2014,01,06,01,24,21.43,-1073.21,-1465.17,-203.52, 90.15,-126.22,-6.39,19.39,0.00e+00,1.62e+01
2014,01,06,01,24,22.68,-1074.71,-1464.01,-204.28, 90.18,-126.28,-6.42,19.39,3.09e+01,2.49e+01
2014,01,06,01,24,41.43,-1097.08,-1446.41,-215.59, 90.76,-127.18,-6.77,19.33,0.00e+00,1.20e+01
2014,01,06,01,24,42.68,-1098.56,-1445.22,-216.34, 90.79,-127.24,-6.80,19.33,0.00e+00,1.21e+01
2014,01,06,01,25,1.43,-1120.59,-1427.17,-227.59, 91.36,-128.14,-7.15,19.27,0.00e+00,1.21e+01
2014,01,06,01,25,2.68,-1122.05,-1425.96,-228.34, 91.40,-128.20,-7.17,19.26,0.00e+00,1.63e+01
2014,01,06,01,25,21.42,-1143.74,-1407.49,-239.51, 91.95,-129.10,-7.52,19.20,0.00e+00,1.64e+01
2014,01,06,01,25,22.67,-1145.17,-1406.25,-240.25, 91.99,-129.16,-7.55,19.20,8.35e+00,1.97e+01
2014,01,06,01,25,41.42,-1166.52,-1387.34,-251.36, 92.54,-130.06,-7.90,19.14,4.12e+01,2.74e+01
2014,01,06,01,25,42.67,-1167.94,-1386.07,-252.10, 92.58,-130.12,-7.92,19.14,8.18e+00,1.98e+01
2014,01,06,01,26,1.42,-1188.93,-1366.75,-263.13, 93.12,-131.02,-8.26,19.08,0.00e+00,1.65e+01
2014,01,06,01,26,2.67,-1190.32,-1365.45,-263.86, 93.16,-131.08,-8.29,19.07,0.00e+00,1.65e+01
2014,01,06,01,26,21.42,-1210.96,-1345.72,-274.82, 93.70,-131.98,-8.63,19.01,7.86e+00,1.99e+01
2014,01,06,01,26,22.67,-1212.33,-1344.39,-275.54, 93.73,-132.04,-8.65,19.01,7.85e+00,1.99e+01
2014,01,06,01,26,41.42,-1232.60,-1324.25,-286.41, 94.26,-132.95,-9.00,18.95,0.00e+00,1.66e+01
2014,01,06,01,26,42.67,-1233.94,-1322.90,-287.14, 94.30,-133.01,-9.02,18.95,7.68e+00,2.00e+01
2014,01,06,01,27,1.42,-1253.85,-1302.36,-297.92, 94.82,-133.91,-9.36,18.89,0.00e+00,1.67e+01
2014,01,06,01,27,2.67,-1255.16,-1300.98,-298.64, 94.86,-133.97,-9.38,18.88,2.97e+01,2.54e+01
2014,01,06,01,27,21.41,-1274.68,-1280.07,-309.33, 95.37,-134.88,-9.72,18.82,4.05e+01,2.77e+01
2014,01,06,01,27,22.66,-1275.97,-1278.66,-310.04, 95.41,-134.94,-9.74,18.82,2.95e+01,2.54e+01
2014,01,06,01,27,41.41,-1295.11,-1257.35,-320.64, 95.91,-135.85,-10.07,18.76,0.00e+00,1.69e+01
2014,01,06,01,27,42.66,-1296.37,-1255.91,-321.34, 95.95,-135.91,-10.09,18.76,2.94e+01,2.55e+01
2014,01,06,01,28,1.41,-1315.13,-1234.23,-331.85, 96.45,-136.82,-10.43,18.70,0.00e+00,1.69e+01
2014,01,06,01,28,2.66,-1316.36,-1232.77,-332.55, 96.48,-136.88,-10.45,18.69,0.00e+00,1.69e+01
2014,01,06,01,28,21.41,-1334.72,-1210.71,-342.95, 96.97,-137.79,-10.78,18.63,0.00e+00,1.70e+01
2014,01,06,01,28,22.66,-1335.93,-1209.23,-343.64, 97.01,-137.85,-10.80,18.63,1.78e+01,2.31e+01
2014,01,06,01,28,41.41,-1353.89,-1186.81,-353.95, 97.49,-138.76,-11.12,18.57,6.67e+00,2.04e+01
2014,01,06,01,28,42.66,-1355.08,-1185.30,-354.63, 97.52,-138.82,-11.14,18.56,6.66e+00,2.04e+01
2014,01,06,01,29,1.41,-1372.63,-1162.53,-364.83, 98.00,-139.74,-11.47,18.50,5.10e+01,3.01e+01
2014,01,06,01,29,2.66,-1373.79,-1161.00,-365.51, 98.03,-139.80,-11.49,18.50,6.48e+00,2.05e+01
2014,01,06,01,29,21.40,-1390.92,-1137.89,-375.59, 98.50,-140.71,-11.81,18.44,5.09e+01,3.02e+01
2014,01,06,01,29,22.65,-1392.05,-1136.33,-376.26, 98.53,-140.78,-11.83,18.44,1.07e+02,3.90e+01
2014,01,06,01,29,41.40,-1408.78,-1112.87,-386.24, 98.99,-141.69,-12.14,18.38,2.85e+01,2.59e+01
2014,01,06,01,29,42.65,-1409.88,-1111.29,-386.90, 99.02,-141.75,-12.16,18.37,0.00e+00,1.73e+01
2014,01,06,01,30,1.40,-1426.19,-1087.50,-396.77, 99.47,-142.67,-12.47,18.31,5.97e+00,2.07e+01
2014,01,06,01,30,2.65,-1427.26,-1085.90,-397.42, 99.50,-142.74,-12.50,18.31,1.70e+01,2.34e+01
2014,01,06,01,30,21.39,-1443.13,-1061.80,-407.16, 99.94,-143.66,-12.80,18.25,2.82e+01,2.60e+01
2014,01,06,01,30,22.64,-1444.18,-1060.18,-407.81, 99.97,-143.72,-12.82,18.24,0.00e+00,1.75e+01
2014,01,06,01,30,41.39,-1459.63,-1035.74,-417.43,100.40,-144.64,-13.13,18.18,6.15e+01,3.24e+01
2014,01,06,01,30,42.64,-1460.64,-1034.10,-418.07,100.43,-144.70,-13.15,18.18,3.91e+01,2.84e+01
2014,01,06,01,31,1.39,-1475.66,-1009.36,-427.57,100.86,-145.63,-13.45,18.12,2.79e+01,2.62e+01
2014,01,06,01,31,2.64,-1476.64,-1007.70,-428.20,100.88,-145.69,-13.47,18.11,5.03e+01,3.06e+01
2014,01,06,01,31,21.39,-1491.22,-982.66,-437.57,101.30,-146.62,-13.77,18.05,3.88e+01,2.85e+01
2014,01,06,01,31,22.64,-1492.17,-980.98,-438.19,101.33,-146.68,-13.79,18.05,2.77e+01,2.62e+01
2014,01,06,01,31,41.39,-1506.31,-955.64,-447.44,101.73,-147.61,-14.08,17.99,5.00e+01,3.07e+01
2014,01,06,01,31,42.64,-1507.23,-953.94,-448.05,101.76,-147.67,-14.10,17.98,1.61e+01,2.38e+01
2014,01,06,01,32,1.39,-1520.92,-928.32,-457.16,102.15,-148.60,-14.39,17.92,4.87e+00,2.11e+01
2014,01,06,01,32,2.64,-1521.81,-926.61,-457.76,102.18,-148.66,-14.41,17.92,4.99e+01,3.08e+01
2014,01,06,01,32,21.38,-1535.04,-900.72,-466.73,102.57,-149.60,-14.69,17.86,4.97e+01,3.08e+01
2014,01,06,01,32,22.63,-1535.90,-898.99,-467.33,102.59,-149.66,-14.71,17.85,2.72e+01,2.64e+01
2014,01,06,01,32,41.38,-1548.68,-872.83,-476.16,102.97,-150.59,-14.99,17.79,4.50e+00,2.13e+01
2014,01,06,01,32,42.63,-1549.51,-871.07,-476.75,103.00,-150.66,-15.01,17.79,1.56e+01,2.40e+01
2014,01,06,01,33,1.38,-1561.83,-844.65,-485.44,103.36,-151.59,-15.29,17.72,1.55e+01,2.41e+01
2014,01,06,01,33,2.63,-1562.63,-842.88,-486.02,103.39,-151.66,-15.31,17.72,1.54e+01,2.41e+01
2014,01,06,01,33,21.37,-1574.48,-816.23,-494.57,103.74,-152.60,-15.58,17.66,1.51e+02,4.58e+01
2014,01,06,01,33,22.62,-1575.25,-814.44,-495.13,103.77,-152.66,-15.60,17.65,2.67e+01,2.67e+01
2014,01,06,01,33,41.37,-1586.64,-787.53,-503.54,104.12,-153.60,-15.87,17.59,2.65e+01,2.67e+01
2014,01,06,01,33,42.62,-1587.38,-785.73,-504.09,104.14,-153.67,-15.89,17.59,9.44e+01,3.84e+01
2014,01,06,01,34,1.37,-1598.30,-758.58,-512.35,104.48,-154.61,-16.15,17.52,1.05e+02,4.00e+01
2014,01,06,01,34,2.62,-1599.01,-756.77,-512.90,104.50,-154.67,-16.17,17.52,1.05e+02,4.00e+01
2014,01,06,01,34,21.37,-1609.45,-729.40,-521.01,104.83,-155.62,-16.43,17.46,1.28e+02,4.31e+01
2014,01,06,01,34,22.62,-1610.13,-727.56,-521.54,104.85,-155.68,-16.45,17.45,4.88e+01,3.12e+01
2014,01,06,01,34,41.37,-1620.10,-699.98,-529.49,105.17,-156.63,-16.70,17.39,9.40e+01,3.85e+01
2014,01,06,01,34,42.62,-1620.74,-698.13,-530.02,105.19,-156.70,-16.72,17.39,3.72e+01,2.92e+01
2014,01,06,01,35,1.37,-1630.23,-670.34,-537.82,105.49,-157.65,-16.97,17.32,1.17e+02,4.18e+01
2014,01,06,01,35,2.62,-1630.85,-668.48,-538.33,105.51,-157.71,-16.98,17.32,9.39e+01,3.86e+01
2014,01,06,01,35,21.36,-1639.85,-640.51,-545.97,105.81,-158.66,-17.23,17.26,3.69e+01,2.93e+01
2014,01,06,01,35,22.61,-1640.43,-638.64,-546.47,105.83,-158.73,-17.25,17.25,1.85e+02,5.02e+01
2014,01,06,01,35,41.36,-1648.95,-610.46,-553.95,106.12,-159.68,-17.49,17.19,4.82e+01,3.15e+01
2014,01,06,01,35,42.61,-1649.50,-608.58,-554.44,106.14,-159.75,-17.50,17.19,1.85e+02,5.02e+01
2014,01,06,01,36,1.36,-1657.53,-580.22,-561.76,106.41,-160.71,-17.74,17.12,1.50e+02,4.63e+01
2014,01,06,01,36,2.61,-1658.05,-578.32,-562.24,106.43,-160.77,-17.75,17.12,2.53e+02,5.74e+01
2014,01,06,01,36,21.36,-1665.59,-549.79,-569.39,106.69,-161.73,-17.98,17.05,1.73e+02,4.90e+01
2014,01,06,01,36,22.61,-1666.08,-547.89,-569.86,106.71,-161.80,-18.00,17.05,1.05e+02,4.05e+01
2014,01,06,01,36,41.36,-1673.13,-519.20,-576.84,106.97,-162.76,-18.23,16.99,1.16e+02,4.21e+01
2014,01,06,01,36,42.61,-1673.59,-517.28,-577.30,106.98,-162.82,-18.24,16.98,1.05e+02,4.05e+01
2014,01,06,01,37,1.36,-1680.14,-488.44,-584.12,107.23,-163.79,-18.46,16.92,1.62e+02,4.79e+01
2014,01,06,01,37,2.61,-1680.56,-486.51,-584.57,107.24,-163.85,-18.48,16.91,1.73e+02,4.92e+01
2014,01,06,01,37,21.35,-1686.62,-457.54,-591.20,107.48,-164.82,-18.69,16.85,1.73e+02,4.92e+01
2014,01,06,01,37,22.60,-1687.01,-455.60,-591.64,107.49,-164.89,-18.70,16.84,8.14e+01,3.73e+01
2014,01,06,01,37,41.35,-1692.58,-426.48,-598.11,107.71,-165.86,-18.91,16.78,9.29e+01,3.91e+01
2014,01,06,01,37,42.60,-1692.93,-424.54,-598.53,107.73,-165.92,-18.93,16.78,7.00e+01,3.57e+01
2014,01,06,01,38,1.35,-1698.00,-395.29,-604.83,107.94,-166.90,-19.13,16.71,2.30e+02,5.55e+01
2014,01,06,01,38,2.60,-1698.32,-393.34,-605.24,107.95,-166.96,-19.15,16.71,4.70e+01,3.19e+01
2014,01,06,01,38,21.35,-1702.89,-363.98,-611.36,108.15,-167.94,-19.35,16.64,1.38e+02,4.53e+01
2014,01,06,01,38,22.60,-1703.18,-362.02,-611.76,108.16,-168.00,-19.36,16.64,2.18e+02,5.44e+01
2014,01,06,01,38,41.35,-1707.24,-332.55,-617.69,108.35,-168.98,-19.55,16.57,1.72e+02,4.95e+01
2014,01,06,01,38,42.60,-1707.50,-330.58,-618.08,108.37,-169.04,-19.56,16.57,2.07e+02,5.33e+01
2014,01,06,01,39,1.35,-1711.06,-301.02,-623.84,108.54,-170.02,-19.75,16.50,1.95e+02,5.21e+01
2014,01,06,01,39,2.60,-1711.28,-299.04,-624.21,108.56,-170.09,-19.76,16.50,8.07e+01,3.76e+01
2014,01,06,01,39,21.34,-1714.34,-269.41,-629.78,108.72,-171.07,-19.95,16.43,1.49e+02,4.69e+01
2014,01,06,01,39,22.59,-1714.53,-267.43,-630.15,108.73,-171.13,-19.96,16.43,1.72e+02,4.96e+01
2014,01,06,01,39,41.34,-1717.08,-237.69,-635.54,108.89,-172.12,-20.13,16.37,1.49e+02,4.69e+01
2014,01,06,01,39,42.59,-1717.24,-235.71,-635.89,108.90,-172.18,-20.15,16.36,1.72e+02,4.96e+01
2014,01,06,01,40,1.34,-1719.29,-205.91,-641.09,109.04,-173.17,-20.32,16.30,1.72e+02,4.97e+01
2014,01,06,01,40,2.59,-1719.41,-203.92,-641.43,109.05,-173.24,-20.33,16.29,3.56e+02,6.75e+01
2014,01,06,01,40,21.33,-1720.95,-174.08,-646.44,109.18,-174.22,-20.49,16.23,1.61e+02,4.84e+01
2014,01,06,01,40,22.58,-1721.04,-172.08,-646.77,109.19,-174.29,-20.50,16.22,3.33e+02,6.56e+01
2014,01,06,01,40,41.33,-1722.08,-142.17,-651.60,109.31,-175.28,-20.66,16.16,1.60e+02,4.85e+01
2014,01,06,01,40,42.58,-1722.13,-140.18,-651.91,109.32,-175.35,-20.67,16.15,2.18e+02,5.48e+01
2014,01,06,01,41,1.33,-1722.67,-110.22,-656.55,109.43,-176.34,-20.82,16.08,2.29e+02,5.60e+01
2014,01,06,01,41,2.58,-1722.69,-108.23,-656.85,109.44,-176.41,-20.83,16.08,2.75e+02,6.05e+01
2014,01,06,01,41,21.33,-1722.72,-78.24,-661.29,109.54,-177.40,-20.98,16.01,2.41e+02,5.72e+01
2014,01,06,01,41,22.58,-1722.70,-76.24,-661.58,109.55,-177.47,-20.99,16.01,2.98e+02,6.27e+01
2014,01,06,01,41,41.33,-1722.23,-46.24,-665.83,109.63,-178.46,-21.13,15.94,2.29e+02,5.61e+01
2014,01,06,01,41,42.58,-1722.18,-44.23,-666.11,109.64,-178.53,-21.14,15.94,2.98e+02,6.27e+01
2014,01,06,01,42,1.33,-1721.20,-14.21,-670.16,109.72,-179.53,-21.27,15.87,2.29e+02,5.62e+01
2014,01,06,01,42,2.58,-1721.11,-12.21,-670.42,109.72,-179.59,-21.28,15.87,1.60e+02,4.87e+01
2014,01,06,01,42,21.32,-1719.63, 17.80,-674.28,109.79,179.41,-21.41,15.80,1.94e+02,5.26e+01
2014,01,06,01,42,22.57,-1719.51, 19.80,-674.53,109.79,179.34,-21.42,15.80,3.32e+02,6.59e+01
2014,01,06,01,42,41.32,-1717.52, 49.82,-678.19,109.84,178.34,-21.54,15.73,2.17e+02,5.51e+01
2014,01,06,01,42,42.57,-1717.37, 51.82,-678.43,109.85,178.27,-21.55,15.73,1.60e+02,4.88e+01
2014,01,06,01,43,1.32,-1714.88, 81.82,-681.89,109.89,177.27,-21.66,15.66,4.01e+02,7.17e+01
2014,01,06,01,43,2.57,-1714.69, 83.82,-682.12,109.89,177.20,-21.67,15.65,2.98e+02,6.30e+01
2014,01,06,01,43,21.31,-1711.70,113.78,-685.38,109.92,176.20,-21.78,15.59,2.52e+02,5.87e+01
2014,01,06,01,43,22.56,-1711.48,115.78,-685.59,109.92,176.13,-21.79,15.58,2.63e+02,5.98e+01
2014,01,06,01,43,41.31,-1707.98,145.73,-688.66,109.94,175.12,-21.89,15.52,3.67e+02,6.90e+01
2014,01,06,01,43,42.56,-1707.73,147.72,-688.85,109.94,175.06,-21.89,15.51,2.40e+02,5.76e+01
2014,01,06,01,44,1.31,-1703.73,177.62,-691.72,109.95,174.05,-21.99,15.44,3.32e+02,6.62e+01
2014,01,06,01,44,2.56,-1703.44,179.61,-691.90,109.95,173.98,-22.00,15.44,2.17e+02,5.53e+01
2014,01,06,01,44,21.31,-1698.94,209.46,-694.56,109.95,172.97,-22.08,15.37,3.67e+02,6.91e+01
2014,01,06,01,44,22.56,-1698.62,211.45,-694.73,109.95,172.90,-22.09,15.37,3.55e+02,6.82e+01
2014,01,06,01,44,41.31,-1693.62,241.24,-697.19,109.93,171.89,-22.17,15.30,2.63e+02,6.00e+01
2014,01,06,01,44,42.56,-1693.27,243.22,-697.35,109.93,171.83,-22.18,15.30,2.16e+02,5.54e+01
2014,01,06,01,45,1.31,-1687.78,272.94,-699.60,109.90,170.81,-22.25,15.23,2.74e+02,6.11e+01
2014,01,06,01,45,2.56,-1687.39,274.92,-699.75,109.90,170.75,-22.26,15.22,3.55e+02,6.83e+01
2014,01,06,01,45,21.30,-1681.40,304.54,-701.79,109.86,169.73,-22.33,15.16,3.09e+02,6.43e+01
2014,01,06,01,45,22.55,-1680.99,306.51,-701.92,109.86,169.67,-22.33,15.15,2.39e+02,5.78e+01
2014,01,06,01,45,41.30,-1674.50,336.06,-703.77,109.81,168.65,-22.40,15.08,3.32e+02,6.64e+01
2014,01,06,01,45,42.55,-1674.05,338.03,-703.89,109.80,168.58,-22.40,15.08,2.62e+02,6.01e+01
2014,01,06,01,46,1.30,-1667.07,367.47,-705.53,109.74,167.57,-22.45,15.01,3.66e+02,6.94e+01
2014,01,06,01,46,2.55,-1666.59,369.43,-705.63,109.74,167.50,-22.46,15.01,2.39e+02,5.79e+01
2014,01,06,01,46,21.30,-1659.12,398.77,-707.06,109.66,166.49,-22.51,14.94,2.85e+02,6.24e+01
2014,01,06,01,46,22.55,-1658.61,400.72,-707.15,109.66,166.42,-22.51,14.93,3.20e+02,6.55e+01
2014,01,06,01,46,41.30,-1650.66,429.95,-708.38,109.57,165.40,-22.55,14.87,3.43e+02,6.75e+01
2014,01,06,01,46,42.55,-1650.11,431.89,-708.45,109.57,165.33,-22.56,14.86,4.24e+02,7.41e+01
2014,01,06,01,47,1.30,-1641.67,460.99,-709.47,109.47,164.32,-22.59,14.79,4.93e+02,7.93e+01
2014,01,06,01,47,2.55,-1641.09,462.92,-709.53,109.47,164.25,-22.59,14.79,3.66e+02,6.95e+01
2014,01,06,01,47,21.29,-1632.17,491.87,-710.35,109.36,163.23,-22.62,14.72,3.89e+02,7.14e+01
2014,01,06,01,47,22.54,-1631.56,493.79,-710.39,109.35,163.16,-22.62,14.72,3.31e+02,6.66e+01
2014,01,06,01,47,41.29,-1622.16,522.61,-711.00,109.23,162.14,-22.65,14.65,5.04e+02,8.02e+01
2014,01,06,01,47,42.54,-1621.52,524.52,-711.03,109.22,162.07,-22.65,14.64,3.07e+02,6.46e+01
2014,01,06,01,48,1.29,-1611.64,553.18,-711.43,109.09,161.06,-22.66,14.57,4.47e+02,7.60e+01
2014,01,06,01,48,2.54,-1610.97,555.09,-711.45,109.08,160.99,-22.66,14.57,4.47e+02,7.60e+01
2014,01,06,01,48,21.29,-1600.62,583.59,-711.64,108.94,159.97,-22.67,14.50,3.07e+02,6.47e+01
2014,01,06,01,48,22.54,-1599.91,585.48,-711.65,108.93,159.90,-22.67,14.50,2.84e+02,6.26e+01
2014,01,06,01,48,41.29,-1589.09,613.81,-711.63,108.78,158.88,-22.67,14.43,3.53e+02,6.87e+01
2014,01,06,01,48,42.54,-1588.35,615.69,-711.62,108.77,158.81,-22.67,14.42,4.46e+02,7.61e+01
2014,01,06,01,49,1.29,-1577.06,643.84,-711.39,108.60,157.79,-22.67,14.36,3.53e+02,6.88e+01
2014,01,06,01,49,2.54,-1576.29,645.71,-711.37,108.59,157.72,-22.67,14.35,5.27e+02,8.20e+01
2014,01,06,01,49,21.28,-1564.55,673.65,-710.94,108.42,156.70,-22.65,14.28,4.69e+02,7.79e+01
2014,01,06,01,49,22.53,-1563.75,675.51,-710.90,108.40,156.64,-22.65,14.28,4.46e+02,7.61e+01
2014,01,06,01,49,41.28,-1551.53,703.26,-710.26,108.22,155.62,-22.63,14.21,6.66e+02,9.13e+01
2014,01,06,01,49,42.53,-1550.70,705.11,-710.21,108.20,155.55,-22.63,14.21,3.99e+02,7.26e+01
2014,01,06,01,50,1.28,-1538.03,732.66,-709.36,108.00,154.53,-22.61,14.14,5.03e+02,8.04e+01
2014,01,06,01,50,2.53,-1537.17,734.49,-709.29,107.99,154.46,-22.60,14.13,3.99e+02,7.26e+01
